random_gen,weight_encoding,HE_processing,input_CT_communication,output_CT_communication,total_duration
7258,2061578,34377966,204899,11431,36663361
