GC_eval,communication,IO_read,total_duration
1562776,2596894,9893834,14053746
