random_gen,encryption,decryption,input_CT_communication,output_CT_communication,total_duration
720,24955,35257,4942,109893550,109959563
