random_gen,encryption,decryption,input_CT_communication,output_CT_communication,total_duration
711,246219,17268,38972,79088696,79391988
