GC_eval,communication,total_duration
6817785,7229673,14048563
